投下試験（12月10日）2回目投下

大きいパラシュート
ガムテープでキャリアを固定
手で持って投下
6メートル上から投下
パラシュートの真ん中は穴開けてなかった
床にマットを引いた・引き上げ用のひもを付けた


結果
テザリングが衝撃で接続が一瞬切れてしまった（落ちてちょっと経ったら）
電源は切れなかった
パラシュートが完全には開かなかった（開く前に落ちた）


--- raspberrypi.local ping statistics ---
15 packets transmitted, 15 received, 0% packet loss, time 14021ms
rtt min/avg/max/mdev = 0.195/0.253/0.303/0.020 ms
pi@raspberrypi:~ $ cd ww
pi@raspberrypi:~/ww $ python 9jiku.py
基板設定完了

[datetime.datetime(2022, 12, 10, 10, 8, 19, 804902), 4841, -2916, 15802]
[datetime.datetime(2022, 12, 10, 10, 8, 19, 920392), 4597, -2446, 14307]
[datetime.datetime(2022, 12, 10, 10, 8, 20, 27115), 3714, -2078, 12844]
[datetime.datetime(2022, 12, 10, 10, 8, 20, 133894), 4458, -2698, 13172]
[datetime.datetime(2022, 12, 10, 10, 8, 20, 240579), 4247, -1875, 14703]
[datetime.datetime(2022, 12, 10, 10, 8, 20, 347266), 5400, -1667, 15456]
[datetime.datetime(2022, 12, 10, 10, 8, 20, 454050), 5042, -1744, 15225]
[datetime.datetime(2022, 12, 10, 10, 8, 20, 560745), 4533, -2732, 14572]
[datetime.datetime(2022, 12, 10, 10, 8, 20, 667409), 3985, -2596, 14553]
[datetime.datetime(2022, 12, 10, 10, 8, 20, 774141), 4671, -2613, 14285]
[datetime.datetime(2022, 12, 10, 10, 8, 20, 880826), 4597, -1773, 15415]
[datetime.datetime(2022, 12, 10, 10, 8, 20, 987483), 4949, -1363, 15505]
[datetime.datetime(2022, 12, 10, 10, 8, 21, 94239), 5768, -1974, 15875]
[datetime.datetime(2022, 12, 10, 10, 8, 21, 200930), 5372, -3072, 15803]
[datetime.datetime(2022, 12, 10, 10, 8, 21, 307592), 4713, -2946, 14231]
[datetime.datetime(2022, 12, 10, 10, 8, 21, 414359), 4278, -2590, 13933]
[datetime.datetime(2022, 12, 10, 10, 8, 21, 521030), 4975, -1549, 14415]
[datetime.datetime(2022, 12, 10, 10, 8, 21, 627710), 5069, -2232, 16135]
[datetime.datetime(2022, 12, 10, 10, 8, 21, 734480), 5038, -2246, 15455]
[datetime.datetime(2022, 12, 10, 10, 8, 21, 841146), 5167, -2152, 14653]
[datetime.datetime(2022, 12, 10, 10, 8, 21, 947790), 4654, -2492, 14167]
[datetime.datetime(2022, 12, 10, 10, 8, 22, 54609), 4686, -2282, 14735]
[datetime.datetime(2022, 12, 10, 10, 8, 22, 161288), 5689, -646, 16508]
[datetime.datetime(2022, 12, 10, 10, 8, 22, 267969), 6351, -1089, 15917]
[datetime.datetime(2022, 12, 10, 10, 8, 22, 374744), 5212, -3887, 14070]
[datetime.datetime(2022, 12, 10, 10, 8, 22, 481407), 3994, -2939, 14812]
[datetime.datetime(2022, 12, 10, 10, 8, 22, 588082), 4929, -8450, 9983]
[datetime.datetime(2022, 12, 10, 10, 8, 22, 694842), 4538, -3224, 13602]
[datetime.datetime(2022, 12, 10, 10, 8, 22, 801510), 3799, -2924, 14128]
[datetime.datetime(2022, 12, 10, 10, 8, 22, 908274), 4328, -2464, 14550]
[datetime.datetime(2022, 12, 10, 10, 8, 23, 15033), 4759, -2506, 14438]
[datetime.datetime(2022, 12, 10, 10, 8, 23, 121688), 4454, -1930, 14762]
[datetime.datetime(2022, 12, 10, 10, 8, 23, 228362), 4968, -1787, 14502]
[datetime.datetime(2022, 12, 10, 10, 8, 23, 335094), 4750, -1798, 15902]
[datetime.datetime(2022, 12, 10, 10, 8, 23, 441797), 5464, -2380, 15701]
[datetime.datetime(2022, 12, 10, 10, 8, 23, 548459), 7810, -1714, 14559]
[datetime.datetime(2022, 12, 10, 10, 8, 23, 655230), 6296, -2163, 14398]
[datetime.datetime(2022, 12, 10, 10, 8, 23, 761969), 5448, -1949, 14721]
[datetime.datetime(2022, 12, 10, 10, 8, 23, 868638), 4721, -3039, 14794]
[datetime.datetime(2022, 12, 10, 10, 8, 23, 975414), 5055, -1282, 15380]
[datetime.datetime(2022, 12, 10, 10, 8, 24, 82220), 4877, -1740, 15603]
[datetime.datetime(2022, 12, 10, 10, 8, 24, 189003), 4561, -2672, 14570]
[datetime.datetime(2022, 12, 10, 10, 8, 24, 295672), 4473, -2159, 15141]
[datetime.datetime(2022, 12, 10, 10, 8, 24, 402418), 5087, -2103, 13876]
[datetime.datetime(2022, 12, 10, 10, 8, 24, 509098), 4581, -2042, 13928]
[datetime.datetime(2022, 12, 10, 10, 8, 24, 615767), 5046, -1857, 14501]
[datetime.datetime(2022, 12, 10, 10, 8, 24, 722506), 4953, -1993, 15284]
[datetime.datetime(2022, 12, 10, 10, 8, 24, 829202), 4838, -2177, 14927]
[datetime.datetime(2022, 12, 10, 10, 8, 24, 935871), 4658, -2388, 13014]
[datetime.datetime(2022, 12, 10, 10, 8, 25, 42598), 1749, -1819, 3001]
[datetime.datetime(2022, 12, 10, 10, 8, 25, 149281), -366, -810, -369]
[datetime.datetime(2022, 12, 10, 10, 8, 25, 255941), -411, -310, -179]
[datetime.datetime(2022, 12, 10, 10, 8, 25, 362668), -419, -65, -46]
[datetime.datetime(2022, 12, 10, 10, 8, 25, 469353), -555, 189, 841]
[datetime.datetime(2022, 12, 10, 10, 8, 25, 576029), -934, 2669, 4308]
[datetime.datetime(2022, 12, 10, 10, 8, 25, 682739), -353, 298, 1215]
[datetime.datetime(2022, 12, 10, 10, 8, 25, 789448), 1572, 5881, 4410]
[datetime.datetime(2022, 12, 10, 10, 8, 25, 896095), 3056, -4733, -67]
[datetime.datetime(2022, 12, 10, 10, 8, 26, 2814), 2188, -5159, 911]
[datetime.datetime(2022, 12, 10, 10, 8, 26, 109500), 569, -2585, 2225]
[datetime.datetime(2022, 12, 10, 10, 8, 26, 216171), -546, 2052, 6219]