投下試験（12/10）1回目投下

小さいパラシュート
ガムテープでキャリアを固定
手で持って投下
6メートル上から投下
床にマットを引いた・引き上げ用のひもを付けた

結果　
下に示す
テザリングが衝撃で接続が一瞬切れてしまった（落ちてちょっと経ったら）
電源は切れなかった



[datetime.datetime(2022, 12, 10, 9, 53, 13, 780319), 1238, 1765, 15512]
[datetime.datetime(2022, 12, 10, 9, 53, 13, 895725), 1219, 2027, 15502]
[datetime.datetime(2022, 12, 10, 9, 53, 14, 4185), 1426, 1847, 15249]
[datetime.datetime(2022, 12, 10, 9, 53, 14, 110951), 1109, 2072, 15552]
[datetime.datetime(2022, 12, 10, 9, 53, 14, 217622), 825, 2559, 15503]
[datetime.datetime(2022, 12, 10, 9, 53, 14, 324366), 1313, 1669, 15512]
[datetime.datetime(2022, 12, 10, 9, 53, 14, 430674), 1184, 1921, 16337]
[datetime.datetime(2022, 12, 10, 9, 53, 14, 537352), 1276, 2740, 15680]
[datetime.datetime(2022, 12, 10, 9, 53, 14, 644028), 1537, 757, 15805]
[datetime.datetime(2022, 12, 10, 9, 53, 14, 750786), 1292, 3028, 15413]
[datetime.datetime(2022, 12, 10, 9, 53, 14, 857463), 1222, 2682, 15372]
[datetime.datetime(2022, 12, 10, 9, 53, 14, 964145), 1247, 1248, 15309]
[datetime.datetime(2022, 12, 10, 9, 53, 15, 70915), 153, 2381, 15991]
[datetime.datetime(2022, 12, 10, 9, 53, 15, 177594), 326, 2233, 15434]
[datetime.datetime(2022, 12, 10, 9, 53, 15, 284269), 795, 993, 16629]
[datetime.datetime(2022, 12, 10, 9, 53, 15, 391014), 857, 2755, 18330]
[datetime.datetime(2022, 12, 10, 9, 53, 15, 497690), 1280, 2257, 16291]
[datetime.datetime(2022, 12, 10, 9, 53, 15, 604356), 1396, 2524, 16217]
[datetime.datetime(2022, 12, 10, 9, 53, 15, 711101), 694, 1971, 15791]
[datetime.datetime(2022, 12, 10, 9, 53, 15, 817777), 907, 1947, 15183]
[datetime.datetime(2022, 12, 10, 9, 53, 15, 924425), 1468, 1266, 13631]
[datetime.datetime(2022, 12, 10, 9, 53, 16, 31556), 960, 1630, 13138]
[datetime.datetime(2022, 12, 10, 9, 53, 16, 138239), 943, 1716, 15467]
[datetime.datetime(2022, 12, 10, 9, 53, 16, 244910), 1989, 1998, 17226]
[datetime.datetime(2022, 12, 10, 9, 53, 16, 351661), 2240, 2967, 14851]
[datetime.datetime(2022, 12, 10, 9, 53, 16, 458337), 1034, 2521, 14163]
[datetime.datetime(2022, 12, 10, 9, 53, 16, 565002), 1465, 1679, 14499]
[datetime.datetime(2022, 12, 10, 9, 53, 16, 671762), 1209, 2714, 15174]
[datetime.datetime(2022, 12, 10, 9, 53, 16, 778515), 1368, 1470, 15131]
[datetime.datetime(2022, 12, 10, 9, 53, 16, 885189), 1639, 1559, 15054]
[datetime.datetime(2022, 12, 10, 9, 53, 16, 992022), 1223, 2655, 15214]
[datetime.datetime(2022, 12, 10, 9, 53, 17, 99005), 1349, 1532, 14607]
[datetime.datetime(2022, 12, 10, 9, 53, 17, 205855), 1065, 2049, 15248]
[datetime.datetime(2022, 12, 10, 9, 53, 17, 312576), 274, 2228, 16967]
[datetime.datetime(2022, 12, 10, 9, 53, 17, 419431), -3161, 4405, 18879]
[datetime.datetime(2022, 12, 10, 9, 53, 17, 526117), -1692, 4832, 17426]
[datetime.datetime(2022, 12, 10, 9, 53, 17, 632788), -2930, 687, 16513]
[datetime.datetime(2022, 12, 10, 9, 53, 17, 739636), -1901, 1385, 15078]
[datetime.datetime(2022, 12, 10, 9, 53, 17, 846309), -1371, 885, 14796]
[datetime.datetime(2022, 12, 10, 9, 53, 17, 952987), -1747, -265, 15099]
[datetime.datetime(2022, 12, 10, 9, 53, 18, 59815), -2240, -75, 16125]
[datetime.datetime(2022, 12, 10, 9, 53, 18, 166498), -4105, -95, 16202]
[datetime.datetime(2022, 12, 10, 9, 53, 18, 273170), -2827, 6200, 14474]
[datetime.datetime(2022, 12, 10, 9, 53, 18, 379817), -4330, -4302, 15372]
[datetime.datetime(2022, 12, 10, 9, 53, 18, 486824), -877, 5754, 13144]
[datetime.datetime(2022, 12, 10, 9, 53, 18, 593501), -1282, 686, 15795]
[datetime.datetime(2022, 12, 10, 9, 53, 18, 700374), -1534, 360, 15269]
[datetime.datetime(2022, 12, 10, 9, 53, 18, 807206), -2292, 1824, 15359]
[datetime.datetime(2022, 12, 10, 9, 53, 18, 922535), -4287, -3253, 20126]
[datetime.datetime(2022, 12, 10, 9, 53, 19, 29439), -1590, 3509, 14303]
[datetime.datetime(2022, 12, 10, 9, 53, 19, 136123), -1964, -799, 16328]
[datetime.datetime(2022, 12, 10, 9, 53, 19, 242793), -2301, 904, 15947]
[datetime.datetime(2022, 12, 10, 9, 53, 19, 349673), -2499, 1942, 17527]
[datetime.datetime(2022, 12, 10, 9, 53, 19, 456345), -2182, 3081, 17976]
[datetime.datetime(2022, 12, 10, 9, 53, 19, 563032), -1718, 1871, 16799]
[datetime.datetime(2022, 12, 10, 9, 53, 19, 669860), -2019, 1459, 15923]
[datetime.datetime(2022, 12, 10, 9, 53, 19, 776517), 5972, -12432, 3689]
[datetime.datetime(2022, 12, 10, 9, 53, 19, 883192), -2411, -6931, 14421]
[datetime.datetime(2022, 12, 10, 9, 53, 19, 989847), -1452, 4342, 13475]
[datetime.datetime(2022, 12, 10, 9, 53, 20, 96531), -2177, 1072, 16351]
[datetime.datetime(2022, 12, 10, 9, 53, 20, 203220), -1699, 1708, 17403]
[datetime.datetime(2022, 12, 10, 9, 53, 20, 309886), -1801, 2290, 17300]
[datetime.datetime(2022, 12, 10, 9, 53, 20, 416553), -2493, 2607, 16368]
[datetime.datetime(2022, 12, 10, 9, 53, 20, 523196), -2529, 2084, 16832]
[datetime.datetime(2022, 12, 10, 9, 53, 20, 629853), -988, 2000, 14537]
[datetime.datetime(2022, 12, 10, 9, 53, 20, 736125), -2364, 2550, 15837]
[datetime.datetime(2022, 12, 10, 9, 53, 20, 842826), -1473, 1826, 15196]
[datetime.datetime(2022, 12, 10, 9, 53, 20, 947562), -1845, 1638, 15499]
[datetime.datetime(2022, 12, 10, 9, 53, 21, 54303), -2466, 985, 15700]
[datetime.datetime(2022, 12, 10, 9, 53, 21, 161594), 997, 2904, 16281]
[datetime.datetime(2022, 12, 10, 9, 53, 21, 268262), -1305, -1856, 15351]
[datetime.datetime(2022, 12, 10, 9, 53, 21, 374936), 373, -14, 17458]
[datetime.datetime(2022, 12, 10, 9, 53, 21, 481773), -888, 3351, 16005]
[datetime.datetime(2022, 12, 10, 9, 53, 21, 588447), -1043, 2089, 16788]
[datetime.datetime(2022, 12, 10, 9, 53, 21, 695632), 625, -198, 15271]
[datetime.datetime(2022, 12, 10, 9, 53, 21, 802486), 1269, 3050, 14330]
[datetime.datetime(2022, 12, 10, 9, 53, 21, 910197), -489, 1986, 15200]
[datetime.datetime(2022, 12, 10, 9, 53, 22, 17377), 992, 1982, 14388]
[datetime.datetime(2022, 12, 10, 9, 53, 22, 124045), -419, 2331, 15379]
[datetime.datetime(2022, 12, 10, 9, 53, 22, 230875), -649, 5227, 16630]
[datetime.datetime(2022, 12, 10, 9, 53, 22, 338054), -707, 912, 16692]
[datetime.datetime(2022, 12, 10, 9, 53, 22, 444729), -382, 1701, 16599]
[datetime.datetime(2022, 12, 10, 9, 53, 22, 551557), -755, 2971, 15309]
[datetime.datetime(2022, 12, 10, 9, 53, 22, 658213), -326, 2771, 16394]
[datetime.datetime(2022, 12, 10, 9, 53, 22, 764901), -1020, 2642, 15912]
[datetime.datetime(2022, 12, 10, 9, 53, 22, 871799), -778, 1966, 16658]
[datetime.datetime(2022, 12, 10, 9, 53, 22, 978490), -1016, 991, 15751]
[datetime.datetime(2022, 12, 10, 9, 53, 23, 85164), -410, 1113, 14637]
[datetime.datetime(2022, 12, 10, 9, 53, 23, 192263), 539, 1929, 15318]
[datetime.datetime(2022, 12, 10, 9, 53, 23, 299119), 352, 2004, 15596]
[datetime.datetime(2022, 12, 10, 9, 53, 23, 406242), 167, 2336, 15370]
[datetime.datetime(2022, 12, 10, 9, 53, 23, 513394), 214, 2171, 14190]
[datetime.datetime(2022, 12, 10, 9, 53, 23, 620164), -1242, 2180, 15377]
[datetime.datetime(2022, 12, 10, 9, 53, 23, 726838), -1412, 1998, 15664]
[datetime.datetime(2022, 12, 10, 9, 53, 23, 833507), -320, 1492, 16036]
[datetime.datetime(2022, 12, 10, 9, 53, 23, 947720), 130, 1538, 16557]
[datetime.datetime(2022, 12, 10, 9, 53, 24, 54389), -999, 1475, 15971]
[datetime.datetime(2022, 12, 10, 9, 53, 24, 161240), -1145, 2484, 15545]
[datetime.datetime(2022, 12, 10, 9, 53, 24, 267889), 141, 1356, 13743]
[datetime.datetime(2022, 12, 10, 9, 53, 24, 374559), -1142, 1514, 15211]
[datetime.datetime(2022, 12, 10, 9, 53, 24, 481395), -1488, 3179, 16205]
[datetime.datetime(2022, 12, 10, 9, 53, 24, 588056), -1968, 1293, 17210]
[datetime.datetime(2022, 12, 10, 9, 53, 24, 694735), -488, 2664, 14955]
[datetime.datetime(2022, 12, 10, 9, 53, 24, 801564), 215, 2052, 15120]
[datetime.datetime(2022, 12, 10, 9, 53, 24, 908216), 2407, 526, 14928]
[datetime.datetime(2022, 12, 10, 9, 53, 25, 14893), 1414, 932, 16213]
[datetime.datetime(2022, 12, 10, 9, 53, 25, 121728), 861, 2062, 15914]
[datetime.datetime(2022, 12, 10, 9, 53, 25, 228371), 728, 1986, 15203]
[datetime.datetime(2022, 12, 10, 9, 53, 25, 335027), -143, 1455, 16398]
[datetime.datetime(2022, 12, 10, 9, 53, 25, 441870), -52, 2908, 16095]
[datetime.datetime(2022, 12, 10, 9, 53, 25, 548540), -502, 1049, 19867]
[datetime.datetime(2022, 12, 10, 9, 53, 25, 655202), 283, 2459, 17669]
[datetime.datetime(2022, 12, 10, 9, 53, 25, 761989), 508, 1413, 14004]
[datetime.datetime(2022, 12, 10, 9, 53, 25, 868642), 920, 1177, 13977]
[datetime.datetime(2022, 12, 10, 9, 53, 25, 975297), 1004, 1932, 13448]
[datetime.datetime(2022, 12, 10, 9, 53, 26, 82360), 834, 2518, 14394]
[datetime.datetime(2022, 12, 10, 9, 53, 26, 189233), 1279, 1978, 14147]
[datetime.datetime(2022, 12, 10, 9, 53, 26, 296058), 1445, 2261, 15294]
[datetime.datetime(2022, 12, 10, 9, 53, 26, 402709), 1309, 2035, 16229]
[datetime.datetime(2022, 12, 10, 9, 53, 26, 509572), 1333, 1912, 15870]
[datetime.datetime(2022, 12, 10, 9, 53, 26, 616234), 1114, 1936, 15542]
[datetime.datetime(2022, 12, 10, 9, 53, 26, 722884), 1096, 1934, 16151]
[datetime.datetime(2022, 12, 10, 9, 53, 26, 829946), 1304, 2739, 19582]
[datetime.datetime(2022, 12, 10, 9, 53, 26, 936616), 1368, 2044, 17650]
[datetime.datetime(2022, 12, 10, 9, 53, 27, 43266), 1337, 1533, 12500]
[datetime.datetime(2022, 12, 10, 9, 53, 27, 150028), 745, 1888, 11936]
[datetime.datetime(2022, 12, 10, 9, 53, 27, 256676), 1315, 1645, 12756]
[datetime.datetime(2022, 12, 10, 9, 53, 27, 363319), 1575, 2213, 14231]
[datetime.datetime(2022, 12, 10, 9, 53, 27, 470173), 1278, 2652, 15399]
[datetime.datetime(2022, 12, 10, 9, 53, 27, 576836), 1411, 2072, 15491]
[datetime.datetime(2022, 12, 10, 9, 53, 27, 683503), 1100, 2124, 15890]
[datetime.datetime(2022, 12, 10, 9, 53, 27, 790860), 1231, 1982, 15363]
[datetime.datetime(2022, 12, 10, 9, 53, 27, 897533), 911, 2235, 13904]
[datetime.datetime(2022, 12, 10, 9, 53, 28, 4189), 681, 954, 11021]
[datetime.datetime(2022, 12, 10, 9, 53, 28, 110970), -471, -424, -620]
[datetime.datetime(2022, 12, 10, 9, 53, 28, 217651), -265, -314, -142]
[datetime.datetime(2022, 12, 10, 9, 53, 28, 324380), -241, -366, -141]
[datetime.datetime(2022, 12, 10, 9, 53, 28, 431211), -205, -859, 313]
[datetime.datetime(2022, 12, 10, 9, 53, 28, 537890), -100, -552, 813]
[datetime.datetime(2022, 12, 10, 9, 53, 28, 644565), 6040, 252, -5192]
[datetime.datetime(2022, 12, 10, 9, 53, 28, 751386), -178, 13466, 18475]
[datetime.datetime(2022, 12, 10, 9, 53, 28, 858057), -9126, -9742, 32079]
[datetime.datetime(2022, 12, 10, 9, 53, 28, 968693), -12591, 27715, 32764]
[datetime.datetime(2022, 12, 10, 9, 53, 29, 75369), 18740, 9316, 32764]
[datetime.datetime(2022, 12, 10, 9, 53, 29, 182234), 2935, 446, 4903]
[datetime.datetime(2022, 12, 10, 9, 53, 29, 289111), 121, 2260, -623]
[datetime.datetime(2022, 12, 10, 9, 53, 29, 395936), -2660, -911, -5303]
[datetime.datetime(2022, 12, 10, 9, 53, 29, 502586), -4977, -116, -3342]
[datetime.datetime(2022, 12, 10, 9, 53, 29, 610778), -8767, 1185, -354]
[datetime.datetime(2022, 12, 10, 9, 53, 29, 717533), -7569, -3413, -8743]
[datetime.datetime(2022, 12, 10, 9, 53, 29, 824227), -11950, -6154, -7752]
[datetime.datetime(2022, 12, 10, 9, 53, 29, 931045), 29121, 6970, -14718]
[datetime.datetime(2022, 12, 10, 9, 53, 30, 37749), -3722, 2365, 6195]
[datetime.datetime(2022, 12, 10, 9, 53, 30, 144426), 2912, 1750, -10294]
[datetime.datetime(2022, 12, 10, 9, 53, 30, 251246), 1468, -236, 595]
[datetime.datetime(2022, 12, 10, 9, 53, 30, 357919), 124, 223, -338]
[datetime.datetime(2022, 12, 10, 9, 53, 30, 464589), 126, -331, 664]
[datetime.datetime(2022, 12, 10, 9, 53, 30, 571432), -527, 622, -473]