投下試験（12月10日）3回目投下

大きいパラシュート
ガムテープでキャリアを固定
手で持って投下
6メートル上から投下
パラシュートの真ん中に穴開けた
床にマットを引いた・引き上げ用のひもを付けた

結果

結果
テザリングが衝撃で接続が一瞬切れてしまった（落ちてちょっと経ったら）
電源は切れなかった
パラシュートが開き始めた時に落ちた
2回目よりは遅くなった（目視）

pi@raspberrypi:~ $ cd ww
pi@raspberrypi:~/ww $ python 9jiku.py
基板設定完了

[datetime.datetime(2022, 12, 10, 10, 12, 54, 381581), 1072, -7684, 14194]
[datetime.datetime(2022, 12, 10, 10, 12, 54, 497051), 1051, -7681, 14233]
[datetime.datetime(2022, 12, 10, 10, 12, 54, 603866), 1069, -7769, 14238]
[datetime.datetime(2022, 12, 10, 10, 12, 54, 710498), 1038, -7671, 14261]
[datetime.datetime(2022, 12, 10, 10, 12, 54, 817139), 1129, -7693, 14170]
[datetime.datetime(2022, 12, 10, 10, 12, 54, 923897), 1049, -7716, 14211]
[datetime.datetime(2022, 12, 10, 10, 12, 55, 31024), 1127, -7725, 14184]
[datetime.datetime(2022, 12, 10, 10, 12, 55, 137733), 1075, -7728, 14150]
[datetime.datetime(2022, 12, 10, 10, 12, 55, 244537), 1029, -7644, 14285]
[datetime.datetime(2022, 12, 10, 10, 12, 55, 351159), 1084, -7700, 14192]
[datetime.datetime(2022, 12, 10, 10, 12, 55, 457788), 1091, -7711, 14224]
[datetime.datetime(2022, 12, 10, 10, 12, 55, 564618), 1070, -7656, 14231]
[datetime.datetime(2022, 12, 10, 10, 12, 55, 671318), 1062, -7686, 14254]
[datetime.datetime(2022, 12, 10, 10, 12, 55, 778552), 1120, -7692, 14190]
[datetime.datetime(2022, 12, 10, 10, 12, 55, 885349), 1178, -7625, 14033]
[datetime.datetime(2022, 12, 10, 10, 12, 55, 992206), 1113, -7740, 14174]
[datetime.datetime(2022, 12, 10, 10, 12, 56, 98845), 1258, -7762, 14103]
[datetime.datetime(2022, 12, 10, 10, 12, 56, 205665), 1091, -7942, 14255]
[datetime.datetime(2022, 12, 10, 10, 12, 56, 312499), 1085, -7763, 14303]
[datetime.datetime(2022, 12, 10, 10, 12, 56, 419244), 1106, -7795, 14145]
[datetime.datetime(2022, 12, 10, 10, 12, 56, 525395), 1080, -7630, 14085]
[datetime.datetime(2022, 12, 10, 10, 12, 56, 632817), 1058, -7825, 14214]
[datetime.datetime(2022, 12, 10, 10, 12, 56, 739541), 1120, -7792, 14108]
[datetime.datetime(2022, 12, 10, 10, 12, 56, 846685), 1171, -7732, 14055]
[datetime.datetime(2022, 12, 10, 10, 12, 56, 954029), 1021, -7797, 14213]
[datetime.datetime(2022, 12, 10, 10, 12, 57, 60658), 1067, -7697, 14223]
[datetime.datetime(2022, 12, 10, 10, 12, 57, 166812), 1120, -7718, 14113]
[datetime.datetime(2022, 12, 10, 10, 12, 57, 274085), 1099, -7742, 14185]
[datetime.datetime(2022, 12, 10, 10, 12, 57, 380729), 1056, -7757, 14243]
[datetime.datetime(2022, 12, 10, 10, 12, 57, 487358), 1102, -7715, 14198]
[datetime.datetime(2022, 12, 10, 10, 12, 57, 594129), 1072, -7711, 14211]
[datetime.datetime(2022, 12, 10, 10, 12, 57, 700762), 1077, -7741, 14195]
[datetime.datetime(2022, 12, 10, 10, 12, 57, 807376), 1105, -7721, 14154]
[datetime.datetime(2022, 12, 10, 10, 12, 57, 913742), 1065, -7685, 14192]
[datetime.datetime(2022, 12, 10, 10, 12, 58, 19883), 1105, -7741, 14216]
[datetime.datetime(2022, 12, 10, 10, 12, 58, 126044), 1050, -7696, 14193]
[datetime.datetime(2022, 12, 10, 10, 12, 58, 233290), 1085, -7682, 14174]
[datetime.datetime(2022, 12, 10, 10, 12, 58, 339913), 1039, -7763, 14174]
[datetime.datetime(2022, 12, 10, 10, 12, 58, 446108), 1085, -7748, 14167]
[datetime.datetime(2022, 12, 10, 10, 12, 58, 552932), 1122, -7770, 14148]
[datetime.datetime(2022, 12, 10, 10, 12, 58, 659567), 1043, -7741, 14186]
[datetime.datetime(2022, 12, 10, 10, 12, 58, 766263), 1132, -7729, 14090]
[datetime.datetime(2022, 12, 10, 10, 12, 58, 873014), 1043, -7756, 14110]
[datetime.datetime(2022, 12, 10, 10, 12, 58, 979643), 1070, -7799, 14172]
[datetime.datetime(2022, 12, 10, 10, 12, 59, 86279), 1003, -7714, 14326]
[datetime.datetime(2022, 12, 10, 10, 12, 59, 192917), 1046, -7678, 14173]
[datetime.datetime(2022, 12, 10, 10, 12, 59, 299533), 1065, -7673, 14135]
[datetime.datetime(2022, 12, 10, 10, 12, 59, 406171), 1083, -7623, 14175]
[datetime.datetime(2022, 12, 10, 10, 12, 59, 519979), 1057, -7743, 14174]
[datetime.datetime(2022, 12, 10, 10, 12, 59, 626604), 1060, -7733, 14266]
[datetime.datetime(2022, 12, 10, 10, 12, 59, 733413), 1031, -7713, 14296]
[datetime.datetime(2022, 12, 10, 10, 12, 59, 840059), 1152, -8012, 14105]
[datetime.datetime(2022, 12, 10, 10, 12, 59, 946690), 1132, -7841, 14175]
[datetime.datetime(2022, 12, 10, 10, 13, 0, 53508), 787, -6485, 14633]
[datetime.datetime(2022, 12, 10, 10, 13, 0, 160153), 1302, -6959, 14327]
[datetime.datetime(2022, 12, 10, 10, 13, 0, 266797), 1290, -7573, 14614]
[datetime.datetime(2022, 12, 10, 10, 13, 0, 373602), 1046, -6225, 14730]
[datetime.datetime(2022, 12, 10, 10, 13, 0, 480233), -1211, -15, 16244]
[datetime.datetime(2022, 12, 10, 10, 13, 0, 586866), -2693, -666, 18385]
[datetime.datetime(2022, 12, 10, 10, 13, 0, 693687), -543, 1341, 16388]
[datetime.datetime(2022, 12, 10, 10, 13, 0, 800338), 1558, -6445, 14306]
[datetime.datetime(2022, 12, 10, 10, 13, 0, 906965), 2230, -4320, 17054]
[datetime.datetime(2022, 12, 10, 10, 13, 1, 13866), 1662, -3925, 15960]
[datetime.datetime(2022, 12, 10, 10, 13, 1, 118472), 5803, -116, 7459]
[datetime.datetime(2022, 12, 10, 10, 13, 1, 224160), -2060, -2934, 15418]
[datetime.datetime(2022, 12, 10, 10, 13, 1, 328768), -44, -2721, 11780]
[datetime.datetime(2022, 12, 10, 10, 13, 1, 433435), 251, -402, 13012]
[datetime.datetime(2022, 12, 10, 10, 13, 1, 538048), 908, -4261, 14256]
[datetime.datetime(2022, 12, 10, 10, 13, 1, 642746), 1461, -4172, 16123]
[datetime.datetime(2022, 12, 10, 10, 13, 1, 747372), 1577, -1378, 17842]
[datetime.datetime(2022, 12, 10, 10, 13, 1, 852072), 3530, -4986, 17550]
[datetime.datetime(2022, 12, 10, 10, 13, 1, 958066), 927, -4214, 16213]
[datetime.datetime(2022, 12, 10, 10, 13, 2, 64826), 955, -3745, 14405]
[datetime.datetime(2022, 12, 10, 10, 13, 2, 173385), 916, -473, 17989]
[datetime.datetime(2022, 12, 10, 10, 13, 2, 280344), 3025, -4943, 17501]
[datetime.datetime(2022, 12, 10, 10, 13, 2, 387053), 1176, -2899, 13276]
[datetime.datetime(2022, 12, 10, 10, 13, 2, 493853), -977, 254, 16488]
[datetime.datetime(2022, 12, 10, 10, 13, 2, 600493), 187, -2902, 14668]
[datetime.datetime(2022, 12, 10, 10, 13, 2, 707127), -26, -1068, 13830]
[datetime.datetime(2022, 12, 10, 10, 13, 2, 813973), -1282, -5422, 13739]
[datetime.datetime(2022, 12, 10, 10, 13, 2, 920608), -3862, -5301, 13390]
[datetime.datetime(2022, 12, 10, 10, 13, 3, 27230), -5123, -5590, 14131]
[datetime.datetime(2022, 12, 10, 10, 13, 3, 134525), -4857, -5944, 15076]
[datetime.datetime(2022, 12, 10, 10, 13, 3, 241575), -4167, -5409, 16017]
[datetime.datetime(2022, 12, 10, 10, 13, 3, 347322), -3049, -3612, 15472]
[datetime.datetime(2022, 12, 10, 10, 13, 3, 454101), -1734, -2594, 10809]
[datetime.datetime(2022, 12, 10, 10, 13, 3, 560745), -1507, -1774, 10061]
[datetime.datetime(2022, 12, 10, 10, 13, 3, 667423), -2843, -1624, 12459]
[datetime.datetime(2022, 12, 10, 10, 13, 3, 774198), 2806, -4595, 15863]
[datetime.datetime(2022, 12, 10, 10, 13, 3, 880846), 4725, -1827, 12722]
[datetime.datetime(2022, 12, 10, 10, 13, 3, 987479), 890, -5260, 16905]
[datetime.datetime(2022, 12, 10, 10, 13, 4, 94252), 969, -4427, 19771]
[datetime.datetime(2022, 12, 10, 10, 13, 4, 200893), 1241, -5561, 18754]
[datetime.datetime(2022, 12, 10, 10, 13, 4, 307648), 961, -3528, 19382]
[datetime.datetime(2022, 12, 10, 10, 13, 4, 414430), 567, -4658, 18029]
[datetime.datetime(2022, 12, 10, 10, 13, 4, 530106), 3694, -5054, 15709]
[datetime.datetime(2022, 12, 10, 10, 13, 4, 636806), 840, -3584, 15759]
[datetime.datetime(2022, 12, 10, 10, 13, 4, 743612), 2426, -1072, 15391]
[datetime.datetime(2022, 12, 10, 10, 13, 4, 850253), 2195, -2662, 14341]
[datetime.datetime(2022, 12, 10, 10, 13, 4, 956891), 973, -2674, 15800]
[datetime.datetime(2022, 12, 10, 10, 13, 5, 63673), 1482, -4217, 15927]
[datetime.datetime(2022, 12, 10, 10, 13, 5, 170408), 1780, -4127, 15962]
[datetime.datetime(2022, 12, 10, 10, 13, 5, 277056), 631, -3021, 16527]
[datetime.datetime(2022, 12, 10, 10, 13, 5, 383868), 2146, -3718, 15588]
[datetime.datetime(2022, 12, 10, 10, 13, 5, 490520), 2586, -3756, 15014]
[datetime.datetime(2022, 12, 10, 10, 13, 5, 597153), 1917, -2345, 15382]
[datetime.datetime(2022, 12, 10, 10, 13, 5, 703978), 994, -3099, 16288]
[datetime.datetime(2022, 12, 10, 10, 13, 5, 810617), 1413, -3369, 15987]
[datetime.datetime(2022, 12, 10, 10, 13, 5, 917256), 1905, -3682, 14762]
[datetime.datetime(2022, 12, 10, 10, 13, 6, 24033), 2168, -4057, 14987]
[datetime.datetime(2022, 12, 10, 10, 13, 6, 130673), 1058, -2075, 15807]
[datetime.datetime(2022, 12, 10, 10, 13, 6, 237304), 765, -4032, 15382]
[datetime.datetime(2022, 12, 10, 10, 13, 6, 344215), 2223, -3289, 15185]
[datetime.datetime(2022, 12, 10, 10, 13, 6, 450876), 1493, -3151, 15177]
[datetime.datetime(2022, 12, 10, 10, 13, 6, 558016), 1571, -2781, 16007]
[datetime.datetime(2022, 12, 10, 10, 13, 6, 664830), 2160, -3662, 14727]
[datetime.datetime(2022, 12, 10, 10, 13, 6, 771448), 1170, -3519, 15398]
[datetime.datetime(2022, 12, 10, 10, 13, 6, 878595), 2272, -3522, 15141]
[datetime.datetime(2022, 12, 10, 10, 13, 6, 985416), 2624, -3241, 15849]
[datetime.datetime(2022, 12, 10, 10, 13, 7, 92272), 1347, -3391, 15191]
[datetime.datetime(2022, 12, 10, 10, 13, 7, 199066), 2765, -3170, 15077]
[datetime.datetime(2022, 12, 10, 10, 13, 7, 305713), 2054, -4258, 15645]
[datetime.datetime(2022, 12, 10, 10, 13, 7, 412560), 1758, -3899, 16070]
[datetime.datetime(2022, 12, 10, 10, 13, 7, 519309), 2074, -4067, 15838]
[datetime.datetime(2022, 12, 10, 10, 13, 7, 626456), 1023, -3349, 16266]
[datetime.datetime(2022, 12, 10, 10, 13, 7, 733317), 1605, -3069, 14898]
[datetime.datetime(2022, 12, 10, 10, 13, 7, 839968), 1633, -3716, 14386]
[datetime.datetime(2022, 12, 10, 10, 13, 7, 946601), 1826, -3780, 15306]
[datetime.datetime(2022, 12, 10, 10, 13, 8, 53895), 1298, -3849, 14739]
[datetime.datetime(2022, 12, 10, 10, 13, 8, 160529), 1938, -2997, 15370]
[datetime.datetime(2022, 12, 10, 10, 13, 8, 267160), 1468, -3053, 15588]
[datetime.datetime(2022, 12, 10, 10, 13, 8, 373963), 2512, -4418, 15556]
[datetime.datetime(2022, 12, 10, 10, 13, 8, 480605), 1216, -3308, 15873]
[datetime.datetime(2022, 12, 10, 10, 13, 8, 587244), 1881, -2896, 15428]
[datetime.datetime(2022, 12, 10, 10, 13, 8, 694054), 1836, -3391, 15585]
[datetime.datetime(2022, 12, 10, 10, 13, 8, 800706), 960, -3703, 16154]
[datetime.datetime(2022, 12, 10, 10, 13, 8, 907355), 1401, -3401, 15818]
[datetime.datetime(2022, 12, 10, 10, 13, 9, 14165), 1542, -3337, 15680]
[datetime.datetime(2022, 12, 10, 10, 13, 9, 120815), 1421, -3806, 15061]
[datetime.datetime(2022, 12, 10, 10, 13, 9, 227454), 1472, -3485, 15969]
[datetime.datetime(2022, 12, 10, 10, 13, 9, 334219), 1066, -3194, 16430]
[datetime.datetime(2022, 12, 10, 10, 13, 9, 440884), 1745, -4474, 15061]
[datetime.datetime(2022, 12, 10, 10, 13, 9, 551464), 1155, -2656, 15928]
[datetime.datetime(2022, 12, 10, 10, 13, 9, 658099), 1232, -4077, 15180]
[datetime.datetime(2022, 12, 10, 10, 13, 9, 764912), 821, -3851, 14113]
[datetime.datetime(2022, 12, 10, 10, 13, 9, 871542), 1719, -2734, 15652]
[datetime.datetime(2022, 12, 10, 10, 13, 9, 978170), 1621, -5596, 15353]
[datetime.datetime(2022, 12, 10, 10, 13, 10, 84922), 528, -3491, 16526]
[datetime.datetime(2022, 12, 10, 10, 13, 10, 192669), 1242, -4054, 15026]
[datetime.datetime(2022, 12, 10, 10, 13, 10, 299321), 1239, -3255, 18134]
[datetime.datetime(2022, 12, 10, 10, 13, 10, 405995), 1338, -5437, 17268]
[datetime.datetime(2022, 12, 10, 10, 13, 10, 512801), 2380, -3406, 15864]
[datetime.datetime(2022, 12, 10, 10, 13, 10, 619423), 1096, -2158, 14877]
[datetime.datetime(2022, 12, 10, 10, 13, 10, 726076), 1326, -2412, 14889]
[datetime.datetime(2022, 12, 10, 10, 13, 10, 832882), 1010, -3812, 13609]
[datetime.datetime(2022, 12, 10, 10, 13, 10, 939519), 2044, -3090, 16685]
[datetime.datetime(2022, 12, 10, 10, 13, 11, 46155), 1037, -1902, 14561]
[datetime.datetime(2022, 12, 10, 10, 13, 11, 152969), 1280, -3562, 13846]
[datetime.datetime(2022, 12, 10, 10, 13, 11, 259598), 3312, -2816, 15879]
[datetime.datetime(2022, 12, 10, 10, 13, 11, 366229), 1563, -1367, 14833]
[datetime.datetime(2022, 12, 10, 10, 13, 11, 472985), 1698, -3978, 14341]
[datetime.datetime(2022, 12, 10, 10, 13, 11, 579636), 1714, -3070, 14667]
[datetime.datetime(2022, 12, 10, 10, 13, 11, 686273), 1347, -3974, 15713]
[datetime.datetime(2022, 12, 10, 10, 13, 11, 793019), 1852, -3560, 14279]
[datetime.datetime(2022, 12, 10, 10, 13, 11, 899644), 2118, -4075, 14183]
[datetime.datetime(2022, 12, 10, 10, 13, 12, 6272), 1307, -4036, 15222]
[datetime.datetime(2022, 12, 10, 10, 13, 12, 113085), 1209, -4154, 14351]
[datetime.datetime(2022, 12, 10, 10, 13, 12, 219722), 2490, -1643, 14673]
[datetime.datetime(2022, 12, 10, 10, 13, 12, 326366), 1359, -4568, 16280]
[datetime.datetime(2022, 12, 10, 10, 13, 12, 432973), 2210, -3990, 16362]
[datetime.datetime(2022, 12, 10, 10, 13, 12, 539615), 1062, -3534, 16447]
[datetime.datetime(2022, 12, 10, 10, 13, 12, 646254), 626, -4469, 15594]
[datetime.datetime(2022, 12, 10, 10, 13, 12, 752983), 1309, -4192, 14525]
[datetime.datetime(2022, 12, 10, 10, 13, 12, 859622), 2626, -3573, 15347]
[datetime.datetime(2022, 12, 10, 10, 13, 12, 966276), 1156, -4091, 15467]
[datetime.datetime(2022, 12, 10, 10, 13, 13, 72907), 790, -2296, 14276]
[datetime.datetime(2022, 12, 10, 10, 13, 13, 180142), -1615, 1322, 4559]
[datetime.datetime(2022, 12, 10, 10, 13, 13, 286774), -162, -2029, 108]
[datetime.datetime(2022, 12, 10, 10, 13, 13, 393556), 1384, 715, 198]
[datetime.datetime(2022, 12, 10, 10, 13, 13, 500192), 2004, 315, -560]
[datetime.datetime(2022, 12, 10, 10, 13, 13, 606832), 1362, 1438, -1302]
[datetime.datetime(2022, 12, 10, 10, 13, 13, 713674), -886, -2151, 449]
[datetime.datetime(2022, 12, 10, 10, 13, 13, 820319), -3186, -3843, 942]
[datetime.datetime(2022, 12, 10, 10, 13, 13, 926937), -15226, -3887, 7701]
[datetime.datetime(2022, 12, 10, 10, 13, 14, 33730), 19320, 9623, 5982]
[datetime.datetime(2022, 12, 10, 10, 13, 14, 140362), -20798, -2953, 32764]
[datetime.datetime(2022, 12, 10, 10, 13, 14, 246988), 19312, -9824, 9891]
[datetime.datetime(2022, 12, 10, 10, 13, 14, 353891), -11761, 848, 26613]
[datetime.datetime(2022, 12, 10, 10, 13, 14, 460533), 16319, -9691, 7827]
[datetime.datetime(2022, 12, 10, 10, 13, 14, 574328), 5264, -927, 11599]
